% sets colours for plotting

darkRed = [0.6350 0.0780 0.1840];
darkGreen = [0.4660 0.6740 0.1880];
darkBlue = [0 0.4470 0.7410];
paleOrange = [0.9290 0.6940 0.1250];
orange = [1.0 0.6471 0.0];
